13306	0.0012911399016401362
880	0.0012342579195090291
25445	8.997644396411176E-4
717	8.345534676384129E-4
13600	8.170663530347871E-4
25423	8.137987388687169E-4
25391	7.554468844918814E-4
13275	6.890530461183273E-4
802	6.796447989302698E-4
13308	6.658588177692334E-4
844	6.64185116803148E-4
852	6.506123746792916E-4
25433	6.252810838709029E-4
738	6.19317826741004E-4
25458	5.795846589483282E-4
25408	5.764994213289894E-4
624	5.76477969155364E-4
307	5.626919879943277E-4
13299	5.530490495954647E-4
25401	5.43067810931407E-4
25432	5.411439875092922E-4
808	5.378240586791482E-4
864	5.250958826609466E-4
13485	5.158126967009035E-4
13148	5.158126967009035E-4
803	5.04752200720386E-4
700	4.818962726364865E-4
25421	4.671560953870048E-4
25427	4.6214703434555124E-4
13219	4.617872819067312E-4
13289	4.6036972432507656E-4
13447	4.558454769504577E-4
13404	4.432209099866453E-4
25534	4.399009811565013E-4
736	4.379986099080119E-4
13277	4.156274954909472E-4
13260	3.984786811525159E-4
25310	3.967013711320413E-4
25520	3.8862250371647313E-4
600	3.839731951138396E-4
25410	3.809915665488901E-4
13212	3.638642043840843E-4
25389	3.6350445194526426E-4
25525	3.5982477067630025E-4
13383	3.5599857600569594E-4
777	3.5599857600569594E-4
13487	3.523188947367319E-4
13550	3.500567710494225E-4
13459	3.4601733734163846E-4
13467	3.3007284154768196E-4
25473	3.2174385167608435E-4
25523	3.2150916046527907E-4
863	3.213840992372643E-4
783	3.147227894033508E-4
13371	3.147227894033508E-4
13159	3.0983878958991195E-4
13509	3.0842123200825735E-4
25459	3.0055560362986906E-4
595	2.982934799425596E-4
676	2.982934799425596E-4
13425	2.982934799425596E-4
13560	2.8080636533893373E-4
775	2.771266840699697E-4
25613	2.767669316311497E-4
874	2.748645603826603E-4
13456	2.7450480794384026E-4
13578	2.696208081304014E-4
651	2.66998932004272E-4
13554	2.6367900317412796E-4
25480	2.606973746091785E-4
308	2.5488063088091974E-4
25452	2.54755569652905E-4
13523	2.4951181740064614E-4
358	2.45112631254042E-4
25530	2.4357001244437268E-4
13276	2.4321026000555268E-4
628	2.2976257910971092E-4
13431	2.2940282667089086E-4
13156	2.2310126927579737E-4
13462	2.2119889802730799E-4
771	2.0929383594113558E-4
25350	2.0929383594113558E-4
25507	2.0561415467217154E-4
13574	2.0561415467217154E-4
25538	2.0335203098486215E-4
13525	2.0299227854604212E-4
25203	2.0037040241991267E-4
872	1.9895284483825804E-4
25208	1.9810827873260325E-4
13451	1.963309687121286E-4
25529	1.921664737763298E-4
13519	1.900294113170351E-4
13433	1.8954459765020037E-4
701	1.891848452113803E-4
681	1.891848452113803E-4
666	1.8789234885774043E-4
25493	1.855051639424163E-4
13428	1.8514541150359623E-4
670	1.833681014831216E-4
13312	1.739598542950639E-4
13374	1.7169773060775448E-4
13172	1.6313404952535162E-4
13208	1.6051217339922214E-4
25531	1.5611298725261806E-4
662	1.5421061600412868E-4
339	1.5194849231681926E-4
890	1.5194849231681926E-4
25447	1.4981142985752457E-4
573	1.4981142985752457E-4
25412	1.4541224371092046E-4
12	1.4528718248290573E-4
843	1.4528718248290573E-4
621	1.449274300440857E-4
848	1.449274300440857E-4
677	1.4302505879559634E-4
13270	1.4266530635677628E-4
13290	1.4076293510828692E-4
711	1.4040318266946686E-4
25519	1.4040318266946686E-4
25202	1.4040318266946686E-4
13256	1.386258726489922E-4
25213	1.386258726489922E-4
13450	1.363637489616828E-4
25229	1.3374187283555336E-4
25286	1.3183950158706398E-4
13436	1.3147974914824395E-4
303	1.3147974914824395E-4
13287	1.230411292938558E-4
25409	1.230411292938558E-4
633	1.22556315627021E-4
13588	1.2065394437853165E-4
25292	1.202941919397116E-4
13563	1.202941919397116E-4
691	1.202941919397116E-4
25536	1.1851688191923694E-4
25456	1.1399263454461812E-4
800	1.1185557208532343E-4
25506	1.1173051085730871E-4
25532	1.1173051085730871E-4
620	1.1173051085730871E-4
13531	1.1173051085730871E-4
25320	1.1173051085730871E-4
690	1.1137075841848867E-4
13602	1.1137075841848867E-4
13305	1.1137075841848867E-4
689	1.0910863473117925E-4
857	1.0910863473117925E-4
25600	1.073313247107046E-4
655	1.073313247107046E-4
752	1.050692010233952E-4
13603	1.050692010233952E-4
13567	1.006700148767911E-4
25402	1.0018520120995633E-4
13297	1.0018520120995633E-4
698	1.0018520120995633E-4
25188	1.0018520120995633E-4
25204	1.0018520120995633E-4
13236	1.0018520120995633E-4
13543	9.840789118948168E-5
13210	9.388364381486285E-5
13585	9.388364381486285E-5
25614	9.388364381486285E-5
25495	9.162152012755344E-5
784	9.162152012755344E-5
634	9.162152012755344E-5
13373	9.162152012755344E-5
13609	9.162152012755344E-5
13445	8.899964400142399E-5
13403	8.899964400142399E-5
25406	8.899964400142399E-5
13396	8.899964400142399E-5
13595	8.899964400142399E-5
25484	8.899964400142399E-5
13406	8.899964400142399E-5
713	8.722233398094934E-5
25267	8.722233398094934E-5
586	8.496021029363992E-5
746	8.496021029363992E-5
856	8.26980866063305E-5
25308	8.043596291902109E-5
881	8.043596291902109E-5
25228	8.043596291902109E-5
25220	7.82989004597264E-5
13191	7.82989004597264E-5
569	7.603677677241698E-5
13533	7.377465308510758E-5
336	7.377465308510758E-5
13561	7.151252939779817E-5
25428	7.151252939779817E-5
791	6.711334325119406E-5
25264	6.711334325119406E-5
25277	6.711334325119406E-5
639	6.485121956388464E-5
25	6.485121956388464E-5
25268	6.485121956388464E-5
25508	6.032697218926582E-5
25225	6.032697218926582E-5
13154	6.032697218926582E-5
324	6.032697218926582E-5
854	6.032697218926582E-5
13593	5.5927786042661714E-5
13149	5.36656623553523E-5
13453	5.36656623553523E-5
594	5.36656623553523E-5
13492	5.1403538668042885E-5
25431	5.1403538668042885E-5
25441	5.1403538668042885E-5
13145	5.1403538668042885E-5
674	5.1403538668042885E-5
13255	5.1403538668042885E-5
25254	5.1403538668042885E-5
13486	5.1403538668042885E-5
627	4.474222883412937E-5
25414	4.474222883412937E-5
25407	4.474222883412937E-5
13399	4.474222883412937E-5
13570	4.474222883412937E-5
25215	4.474222883412937E-5
878	4.474222883412937E-5
25266	4.248010514681996E-5
25446	4.248010514681996E-5
13258	4.248010514681996E-5
798	4.248010514681996E-5
799	4.248010514681996E-5
13253	4.248010514681996E-5
25216	4.248010514681996E-5
849	4.248010514681996E-5
13446	4.248010514681996E-5
25382	4.248010514681996E-5
25336	4.248010514681996E-5
665	4.0217981459510544E-5
25270	4.0217981459510544E-5
25417	4.0217981459510544E-5
25199	4.0217981459510544E-5
25187	4.0217981459510544E-5
13293	4.0217981459510544E-5
13288	4.0217981459510544E-5
13224	4.0217981459510544E-5
13207	4.0217981459510544E-5
25323	4.0217981459510544E-5
25319	3.355667162559703E-5
841	3.355667162559703E-5
782	3.355667162559703E-5
663	3.355667162559703E-5
657	3.355667162559703E-5
25612	3.355667162559703E-5
25602	3.355667162559703E-5
25453	3.355667162559703E-5
25385	3.355667162559703E-5
13528	3.355667162559703E-5
13499	3.355667162559703E-5
13217	3.355667162559703E-5
25312	3.1294547938287613E-5
25470	3.1294547938287613E-5
824	3.1294547938287613E-5
868	3.1294547938287613E-5
656	3.1294547938287613E-5
13470	3.1294547938287613E-5
13480	3.1294547938287613E-5
888	3.1294547938287613E-5
13535	3.1294547938287613E-5
25346	3.1294547938287613E-5
25609	3.1294547938287613E-5
25191	3.1294547938287613E-5
25400	2.2371114417064686E-5
887	2.2371114417064686E-5
25316	2.2371114417064686E-5
25491	2.2371114417064686E-5
25239	2.2371114417064686E-5
25217	2.2371114417064686E-5
25540	2.2371114417064686E-5
25596	2.2371114417064686E-5
25599	2.2371114417064686E-5
25601	2.2371114417064686E-5
25604	2.2371114417064686E-5
13590	2.2371114417064686E-5
305	2.2371114417064686E-5
580	2.2371114417064686E-5
593	2.2371114417064686E-5
13460	2.2371114417064686E-5
13457	2.2371114417064686E-5
13394	2.2371114417064686E-5
13376	2.2371114417064686E-5
748	2.2371114417064686E-5
13298	2.2371114417064686E-5
13274	2.2371114417064686E-5
13263	2.2371114417064686E-5
851	2.2371114417064686E-5
737	2.0108990729755272E-5
794	2.0108990729755272E-5
740	2.0108990729755272E-5
840	2.0108990729755272E-5
892	2.0108990729755272E-5
330	2.0108990729755272E-5
13584	2.0108990729755272E-5
795	2.0108990729755272E-5
765	2.0108990729755272E-5
772	2.0108990729755272E-5
25448	2.0108990729755272E-5
13250	2.0108990729755272E-5
13426	2.0108990729755272E-5
13408	2.0108990729755272E-5
25272	2.0108990729755272E-5
25248	2.0108990729755272E-5
13546	2.0108990729755272E-5
25622	2.0108990729755272E-5
13315	2.0108990729755272E-5
25274	1.1185557208532343E-5
13575	1.1185557208532343E-5
309	1.1185557208532343E-5
13430	1.1185557208532343E-5
680	1.1185557208532343E-5
13279	1.1185557208532343E-5
25233	1.1185557208532343E-5
786	1.1185557208532343E-5
682	1.1185557208532343E-5
13414	1.1185557208532343E-5
13411	1.1185557208532343E-5
25231	1.1185557208532343E-5
25524	1.1185557208532343E-5
13257	1.1185557208532343E-5
25603	1.1185557208532343E-5
13162	1.1185557208532343E-5
13471	1.1185557208532343E-5
25280	1.1185557208532343E-5
13225	1.1185557208532343E-5
825	1.1185557208532343E-5
13555	1.1185557208532343E-5
842	1.1185557208532343E-5
705	1.1185557208532343E-5
13398	1.1185557208532343E-5
13607	1.1185557208532343E-5
25265	1.1185557208532343E-5
13547	1.1185557208532343E-5
25475	1.1185557208532343E-5
13393	1.1185557208532343E-5
25207	1.1185557208532343E-5
25315	1.1185557208532343E-5
13155	1.1185557208532343E-5
25284	1.1185557208532343E-5
39	1.1185557208532343E-5
25345	1.1185557208532343E-5
13171	1.1185557208532343E-5
25597	1.1185557208532343E-5
13169	1.1185557208532343E-5
653	1.1185557208532343E-5
25618	1.1185557208532343E-5
13370	1.1185557208532343E-5
25195	1.1185557208532343E-5
25237	1.1185557208532343E-5
13443	1.1185557208532343E-5
597	1.1185557208532343E-5
25236	1.1185557208532343E-5
13294	1.1185557208532343E-5
13466	1.1185557208532343E-5
25481	0.0
25291	0.0
25486	0.0
25278	0.0
25488	0.0
25275	0.0
25271	0.0
25489	0.0
859	0.0
25496	0.0
25497	0.0
25498	0.0
25263	0.0
25257	0.0
25256	0.0
25499	0.0
25249	0.0
25247	0.0
25244	0.0
25243	0.0
25241	0.0
25240	0.0
13192	0.0
25234	0.0
25232	0.0
25500	0.0
25501	0.0
25502	0.0
25223	0.0
25222	0.0
25503	0.0
25219	0.0
25422	0.0
25521	0.0
25522	0.0
25211	0.0
25533	0.0
869	0.0
25198	0.0
25194	0.0
25193	0.0
25192	0.0
25343	0.0
25190	0.0
25189	0.0
13168	0.0
25606	0.0
13606	0.0
13605	0.0
25607	0.0
13601	0.0
25610	0.0
25611	0.0
13160	0.0
13586	0.0
290	0.0
875	0.0
13577	0.0
13572	0.0
316	0.0
13564	0.0
332	0.0
13562	0.0
334	0.0
340	0.0
344	0.0
359	0.0
13545	0.0
13544	0.0
25348	0.0
572	0.0
13532	0.0
579	0.0
13146	0.0
13526	0.0
13158	0.0
590	0.0
876	0.0
13501	0.0
25349	0.0
599	0.0
13490	0.0
612	0.0
615	0.0
630	0.0
13483	0.0
13479	0.0
13478	0.0
13477	0.0
13475	0.0
25381	0.0
632	0.0
13465	0.0
13464	0.0
13463	0.0
640	0.0
13461	0.0
642	0.0
13458	0.0
877	0.0
643	0.0
13455	0.0
649	0.0
25440	0.0
13448	0.0
659	0.0
661	0.0
664	0.0
673	0.0
13435	0.0
13434	0.0
675	0.0
13432	0.0
679	0.0
13427	0.0
13413	0.0
13412	0.0
13410	0.0
13409	0.0
13407	0.0
683	0.0
694	0.0
704	0.0
13402	0.0
13401	0.0
13400	0.0
13397	0.0
706	0.0
13395	0.0
13152	0.0
708	0.0
13380	0.0
13379	0.0
13378	0.0
13377	0.0
13151	0.0
13375	0.0
709	0.0
710	0.0
13372	0.0
734	0.0
13316	0.0
13311	0.0
742	0.0
885	0.0
751	0.0
25405	0.0
764	0.0
13292	0.0
13291	0.0
766	0.0
779	0.0
780	0.0
785	0.0
787	0.0
25403	0.0
788	0.0
13269	0.0
13266	0.0
13265	0.0
13264	0.0
25418	0.0
789	0.0
13259	0.0
801	0.0
809	0.0
13240	0.0
25424	0.0
13216	0.0
846	0.0
25328	0.0
25327	0.0
25330	0.0
25322	0.0
25321	0.0
25476	0.0
25317	0.0
25420	0.0
25457	0.0
25477	0.0
25479	0.0
25305	0.0
25303	0.0
25302	0.0
25301	0.0
25298	0.0
25297	0.0
25296	0.0
25295	0.0
25293	0.0
